3
     1(1)A  1.00000  0.88064  0.00395  0.03740  0.06649  0.00040  0.00287  0.00739  0.00023  0.00062
     2(1)A  1.00000  0.08423  0.00040  0.00339  0.86842  0.00357  0.03622  0.00348  0.00007  0.00021
     3(1)A  1.00000  0.89853  0.00453  0.03717  0.03264  0.00034  0.00097  0.02368  0.00049  0.00165
     4(1)A  1.00000  0.90396  0.00776  0.01918  0.04872  0.00049  0.00133  0.01632  0.00076  0.00147
     5(1)A  1.00000  0.20515  0.00085  0.00790  0.74139  0.00304  0.03054  0.01049  0.00011  0.00052
     6(1)A  1.00000  0.18866  0.00100  0.00555  0.77418  0.00456  0.01391  0.01144  0.00017  0.00051
     7(1)A  1.00000  0.78849  0.00463  0.01977  0.15215  0.00084  0.00301  0.03006  0.00025  0.00080
     8(1)A  1.00000  0.86241  0.00431  0.03216  0.04172  0.00064  0.00186  0.05346  0.00065  0.00280
     9(1)A  1.00000  0.67729  0.00294  0.02618  0.17110  0.00081  0.00677  0.10987  0.00051  0.00454
    10(1)A  1.00000  0.75355  0.00556  0.01997  0.06395  0.00071  0.00169  0.14706  0.00107  0.00646
    11(1)A  1.00000  0.23158  0.00173  0.00828  0.03187  0.00032  0.00108  0.69337  0.00286  0.02890
    12(1)A  1.00000  0.22755  0.00171  0.00491  0.72491  0.00442  0.01275  0.02284  0.00021  0.00070
    13(1)A  1.00000  0.23670  0.00115  0.00925  0.06466  0.00044  0.00277  0.65489  0.00277  0.02737
    14(1)A  1.00000  0.43491  0.00242  0.01554  0.03684  0.00050  0.00157  0.48418  0.00268  0.02136
    15(1)A  1.00000  0.44643  0.00453  0.01489  0.21168  0.00143  0.00606  0.30154  0.00110  0.01233
    16(1)A  1.00000  0.22310  0.00170  0.00675  0.59642  0.00358  0.01650  0.14458  0.00062  0.00675
    17(1)A  1.00000  0.72633  0.01129  0.02750  0.11915  0.00177  0.00539  0.10422  0.00070  0.00365
    18(1)A  1.00000  0.20279  0.00121  0.00873  0.03905  0.00025  0.00169  0.71236  0.00309  0.03084
    19(1)A  1.00000  0.77352  0.00752  0.02343  0.13695  0.00135  0.00508  0.04764  0.00119  0.00332
    20(1)A  1.00000  0.67751  0.00571  0.01542  0.16322  0.00136  0.00399  0.12927  0.00086  0.00268
